12
153 153 153 153 153 153 155 160 164 160 155 153 
153 153 153 153 153 153 160 184 204 184 160 153 
161 164 168 164 158 155 163 195 222 195 163 153 
162 192 219 200 176 162 153 145 139 145 151 153 
 96 184 255 231 190 167 143  95  58  96 140 153 
  0 115 196 184 159 144 132 108  88 114 145 153 
 47 101 115  88  83  77  89 118 134 144 151 153 
151 140  81  26  28  22  41  94 136 151 153 153 
243 215 132  75  75  65  46  53 104 143 153 153 
254 249 186 135 126 114  64  25  78 137 153 153 
132 162 158 125 103 113 101  79 108 143 153 153 
 80 111 126  86  45  85 129 137 143 151 153 153 
11 4 0 2 
