20
255 237 207 160 126  93  50  23   5   0  12  39  78 105 123 137 137 137 137 137 
215 198 170 134 113  97  69  52  36  29  35  57  88 112 127 138 137 137 137 137 
154 137 113  93  94 104 103 100  86  71  68  80 102 121 134 141 139 138 137 137 
101  86  64  59  80 115 139 149 134 108  92  96 111 129 140 145 142 140 138 137 
 76  63  44  49  83 133 173 189 170 131 104 102 113 133 146 149 146 142 139 138 
 78  70  54  65 100 153 199 215 190 142 105  98 107 129 144 149 147 143 140 139 
 95  92  80  91 117 160 200 212 186 136  98  90  98 123 142 152 153 150 146 143 
114 115 106 114 128 156 185 191 169 127  94  85  91 115 137 153 159 158 152 149 
127 132 127 130 131 144 161 163 148 118  93  85  89 112 138 161 173 172 163 156 
125 132 132 136 130 131 138 138 128 110  93  90  96 120 149 177 191 188 174 164 
115 125 130 135 125 117 117 116 114 110 105 108 116 139 166 193 205 198 179 168 
106 118 129 137 124 108 101 101 106 115 121 132 142 162 184 202 207 197 177 165 
102 115 129 140 128 110 102 105 115 131 143 158 166 179 191 199 199 192 180 174 
101 114 127 137 130 116 113 122 135 154 166 178 180 183 185 184 184 185 186 190 
110 119 127 134 131 123 127 140 153 165 170 175 173 170 166 165 171 186 204 219 
121 126 129 133 134 136 146 161 168 167 158 154 148 144 140 142 156 183 217 242 
128 131 131 131 137 145 158 171 171 154 133 122 119 119 121 129 147 177 213 239 
133 134 132 132 139 151 163 171 161 132 103  89  93 101 111 122 136 155 180 197 
137 137 135 134 142 153 162 164 149 117  85  72  80  95 111 121 124 126 129 132 
137 137 136 136 143 154 161 160 142 107  74  62  74  93 112 121 117 107  98  91 
10 18 14 2 
