20
100 112 129 144 150 150 142 135 138 151 172 194 206 209 203 200 201 199 199 196 
 99 110 127 142 148 148 140 132 137 153 180 207 222 226 216 208 207 203 202 199 
 97 108 124 139 145 144 137 128 134 155 187 221 240 244 229 216 209 203 201 198 
 99 106 117 131 136 137 132 125 131 155 191 229 252 255 237 218 207 198 195 194 
103 105 112 121 125 128 126 118 121 142 174 212 237 243 226 208 196 186 183 183 
100  98 100 106 110 116 115 107 104 117 142 174 200 211 202 190 182 174 172 172 
102  95  92  94  97 105 105  94  83  86 101 125 151 170 172 171 169 165 164 165 
100  92  90  90  94 102 101  84  62  53  58  77 105 133 146 154 159 158 159 159 
101  96  96  99 103 109 103  79  51  35  36  54  84 116 136 149 157 158 159 159 
107 106 110 116 121 124 114  88  57  37  36  53  82 113 134 148 156 157 158 158 
113 116 123 133 140 141 132 107  77  58  58  75 100 127 146 156 162 162 161 161 
114 119 128 141 152 155 150 131 107  89  87  99 118 138 155 164 169 168 166 164 
107 116 130 148 161 165 163 149 132 118 114 120 133 147 163 173 179 177 172 169 
 99 107 123 141 154 160 164 159 151 142 138 136 142 151 166 179 187 186 178 173 
 88  97 116 134 146 151 156 156 156 152 147 140 140 145 160 178 189 189 182 176 
 65  76  98 118 131 137 144 147 152 153 150 140 138 138 152 170 184 186 180 176 
 43  52  75  96 112 123 133 142 150 154 152 141 136 133 143 160 174 179 176 173 
 23  31  54  77  99 117 132 142 149 153 151 140 134 128 135 150 165 172 172 171 
  9  14  35  58  88 116 137 149 154 155 151 140 134 127 131 144 160 168 169 170 
  0   4  26  53  89 123 147 159 160 158 153 141 134 126 128 141 156 165 167 169 
16 9 4 19 
